1
-56
2
42 -19
3
2 86 -75
4
-90 -52 14 82
5
-45 -42 -54 -40 -5
6
25 30 -17 -71 -25 44
7
94 -81 22 -75 -24 -46 71
8
22 -42 -8 -92 31 94 -10 21
9
-32 0 99 -82 -12 -9 -79 92 11
10
98 -9 68 21 -52 -33 -84 -74 -28 93
11
50 -23 62 83 74 36 -68 -83 -18 -6 -20
12
52 80 -8 52 -14 -73 -70 59 -4 59 83 -20
13
70 -15 -24 -49 78 -15 13 17 30 74 87 6 95
14
67 -83 -75 92 -40 49 -37 -49 -90 -68 -54 63 95 -61
15
-42 -14 5 -40 -62 -82 -43 87 -8 -41 -87 -53 -69 27 76
16
36 -12 63 -66 -48 -38 58 79 29 -13 21 12 -71 -2 -3 -2
17
4 45 -52 63 87 -97 -30 83 -17 97 52 -83 9 -83 1 -98 -19
18
39 -78 -5 -63 4 -51 -43 52 -96 71 -42 88 -16 -86 -79 -1 45 18
19
8 -9 33 -57 31 43 78 -95 -13 58 96 81 -90 69 92 2 42 -24 -51
20
-22 35 17 -64 -17 1 79 -42 90 37 24 -14 -38 -39 89 -31 73 22 -52 -52
21
-62 12 24 -56 16 -15 -22 54 64 44 -56 79 -2 -76 -11 100 -76 -35 89 -24 -35
22
91 -36 -15 -47 39 84 23 14 -88 85 1 38 54 -41 -96 -19 -96 31 -83 -55 -95 -78
23
9 -30 -11 -93 -25 -80 58 -35 10 30 12 -83 -34 -4 -67 -83 -64 29 48 75 53 -9 50
24
16 -66 -46 16 -13 52 5 -30 -50 3 53 97 -62 -73 -99 96 29 12 2 89 96 87 65 -43
25
62 -14 22 -42 -71 28 -34 94 38 55 68 33 92 8 76 20 78 96 40 15 92 49 81 67 -93
26
-34 70 84 52 22 99 68 93 -57 25 42 -31 -73 36 65 55 -72 42 48 54 -85 62 -48 -36 21 -73
27
-66 -15 40 59 -48 40 -23 63 69 -99 77 -66 10 -53 -95 11 13 94 13 -76 12 -68 -79 -75 95 63 46
28
50 71 -81 64 -39 -62 -93 0 -95 -62 64 -31 78 -12 -73 85 -56 71 77 -14 42 20 -91 41 54 -74 94 49
29
86 92 0 -40 12 -55 -57 45 30 54 -22 -65 -31 37 -93 -98 81 -57 33 53 38 -79 71 -60 100 17 70 39 -59
30
-93 79 -38 4 -23 69 -22 -16 -53 30 -35 94 -2 13 90 -95 32 6 -100 -82 82 -53 76 74 34 -8 -55 -58 -43 -83
31
-82 -33 86 62 88 -36 8 -71 -58 -7 -75 50 29 -40 -33 -16 -47 -27 -72 95 -71 42 38 -53 -36 48 1 -51 65 -10 -63
32
68 88 34 60 -27 -66 15 -86 -93 6 -66 93 -19 31 37 44 4 -17 -14 -91 -44 36 64 -6 -70 6 -82 30 66 10 -39 -28
33
-34 62 95 31 -16 52 -92 -41 47 75 9 52 -88 71 78 -72 11 41 -49 5 24 43 -71 61 95 76 72 -35 -89 -92 75 64 -100
34
-75 92 25 58 99 26 17 62 -35 -100 -65 100 18 1 -50 86 47 -74 -93 48 -13 -48 53 90 43 -98 29 89 -96 -45 -53 68 33 -2
35
-47 -83 61 92 -98 -9 41 49 -35 61 -38 -99 82 26 -20 93 -62 21 -56 1 76 -90 -11 -29 -48 -34 15 9 33 76 51 -64 97 -27 99
36
-19 97 16 -69 81 -97 -19 19 21 7 -39 -28 62 84 64 -90 59 75 -17 71 35 -40 29 76 19 -25 -35 63 -77 -82 22 25 -66 -15 -99 95
37
24 20 -92 -70 55 35 63 -44 100 -87 -35 -36 79 -98 -57 4 44 -6 47 51 1 -43 63 33 -35 85 -75 95 64 33 79 44 -24 62 2 -25 -82
38
97 -40 36 21 -85 8 -33 70 48 -19 -62 45 64 -36 1 9 -61 -59 65 -4 -22 -10 -71 15 -25 -46 -95 -56 11 84 3 -5 -93 -5 -47 66 18 -59
39
-14 34 45 -81 72 34 -93 -91 50 -77 30 76 52 12 0 59 92 -23 -56 15 -95 -31 76 29 75 -17 99 -59 -58 -53 26 -43 100 -91 12 15 58 -2 16
40
-71 -18 68 -50 -66 99 -12 -41 35 34 -99 58 7 60 60 -73 -22 42 51 -67 -57 45 -43 16 69 -7 -80 17 -86 42 97 -15 47 22 50 -50 -32 -1 30 -41
41
-57 -86 -62 75 64 -28 -75 -79 51 83 25 66 -17 63 84 -64 43 67 -87 6 93 -3 -15 39 2 51 3 -8 37 -95 9 -86 89 85 -46 -50 -50 -65 99 -35 -28
42
77 23 69 33 -81 -59 -98 94 -19 -13 57 8 -81 -92 -95 26 -32 -97 -17 78 0 -89 83 34 22 -63 -59 65 45 -66 28 -24 36 59 21 -70 -94 -47 80 -65 85 -7
43
5 -17 -69 15 -25 36 76 -39 32 76 73 34 81 12 -73 43 -32 37 -73 8 1 -62 -74 75 73 -60 41 5 -51 -49 68 64 57 -22 -47 92 18 1 -68 -75 5 36 0
44
-38 3 -1 -90 -63 56 89 -40 -100 -97 56 -100 -18 -44 -5 -38 98 78 -49 -53 -56 -20 -39 -15 78 -75 -32 43 -91 -16 -7 48 -87 -72 -3 64 -57 26 -16 12 -31 -66 -19 29
45
54 94 15 28 45 -34 6 56 37 73 -53 -75 -9 15 -3 -49 37 -78 86 8 90 79 14 12 49 -67 -51 95 13 59 27 66 -80 -17 97 -91 85 -96 -99 -12 -21 -46 60 90 93
46
21 -88 45 4 23 -28 -60 -44 61 -11 -1 -91 36 0 -47 -11 96 -17 -20 -3 -51 54 -40 -62 -94 -59 61 29 -40 21 51 -40 66 -2 62 -33 -68 -50 86 97 -4 2 98 69 10 9
47
68 71 29 -31 -10 -89 94 40 8 9 -98 24 2 -1 85 96 -95 90 4 -72 -79 -17 37 77 80 63 -55 87 -81 30 40 84 -65 52 -10 -33 -58 -4 -66 -53 26 42 55 31 49 -89 63
48
29 -41 -53 -99 -76 23 -58 -8 34 6 -4 -82 -100 13 -77 95 23 -11 48 -32 27 -32 -63 -67 -95 61 43 -86 -48 -57 100 4 54 99 35 15 98 -38 61 17 31 -70 -48 20 -27 72 65 19
49
-22 -44 -25 -52 77 -22 85 61 38 -32 -99 5 77 -37 -70 -81 -27 -92 -30 96 75 55 -55 27 -52 82 -96 79 -48 -7 72 -58 16 -38 -7 37 77 16 3 -74 -63 -74 58 16 -7 -14 -48 -98 -61
50
85 -99 87 44 -20 -21 39 -17 -54 -9 -99 16 19 84 29 86 -100 -41 -77 15 83 -27 -93 66 15 16 83 66 53 74 92 -26 60 -85 -12 -95 -67 -34 -53 66 -44 96 96 3 73 -54 -16 -37 70 -37
51
-42 -100 52 -14 55 -51 55 -50 -71 57 32 -67 48 -54 0 -38 10 13 54 77 49 -27 -90 -32 25 -3 54 -58 6 -96 -73 35 79 -49 -5 -96 -18 98 -29 -58 -75 28 -88 -100 46 75 -83 -17 -83 87 -48
52
52 37 13 -66 24 -38 68 -95 -2 4 57 37 -60 -55 67 -92 8 -72 -21 14 -87 -22 -11 93 -16 74 -62 97 -49 9 -65 -92 6 -84 -76 41 -1 13 -41 -50 -66 2 -81 -85 18 -57 46 -20 -8 12 -47 47
53
-37 63 -7 9 -42 65 -61 2 74 94 6 39 73 -66 25 -16 71 33 43 39 -22 -4 9 -46 -74 68 -67 -90 66 0 -22 -100 18 -84 -65 63 -3 53 87 -70 97 1 -10 -40 38 59 77 -24 10 97 5 33 77
54
54 100 79 42 93 76 -71 -77 -52 -76 -78 77 -88 -86 -75 15 -88 64 -35 -74 -94 21 53 25 -65 -78 -25 1 73 83 -40 39 62 35 -92 -6 69 -97 38 -85 -69 26 -27 -28 -92 69 -13 9 -53 -64 -54 16 13 54
55
-18 67 31 -34 -44 15 5 66 -13 18 -48 -1 -77 -70 66 65 -62 23 31 -95 55 19 -39 41 25 -79 82 79 -51 -4 -78 30 42 -88 -68 68 -3 -63 39 -50 -19 -93 -23 53 -36 79 -73 64 20 -46 -24 31 77 -75 -92
56
71 -55 -66 88 74 52 8 17 -96 -84 100 -19 -16 -81 12 -43 -85 0 0 76 -43 21 -30 -11 63 84 -56 -78 -95 -8 -14 -89 35 79 -4 -92 56 14 28 -90 -68 -21 85 54 66 -36 91 92 -39 89 -55 -53 37 0 -49 -36
57
-4 -86 31 -14 77 69 84 -28 21 -15 -6 -6 -70 -81 -70 47 -57 -87 -36 -18 -11 -83 36 -2 9 -73 -68 -63 -81 -7 -95 -49 19 43 95 -97 -40 -16 -90 -49 13 -24 72 -77 4 11 5 -80 -53 94 10 -100 85 -54 45 60 98
58
71 -90 -94 -21 89 98 -60 -91 -11 -98 17 37 24 -92 82 86 27 -94 7 18 -53 53 100 59 16 20 -22 -39 -18 -44 -56 57 -11 -67 44 46 57 -56 16 -75 73 89 22 -48 -31 63 58 70 -86 -75 -75 56 43 59 -72 35 55 85
59
-54 -43 68 -22 77 -33 -52 32 60 29 -79 61 71 -22 -3 25 -28 70 -9 -39 -43 100 93 92 -78 60 91 65 97 -89 79 94 -92 50 60 62 -87 35 81 50 -54 16 -60 -9 62 44 11 11 -7 96 23 -31 44 93 -8 48 -29 -9 5
60
42 -3 -9 -35 -80 95 -93 17 -41 -96 -31 -81 -64 62 29 -63 38 -85 41 55 -83 5 25 36 73 -63 53 -74 70 90 85 -18 24 -53 82 52 19 61 20 51 47 -48 -58 -54 91 29 -8 93 0 69 -17 53 -53 16 -2 -49 23 -85 -42 40
61
51 -25 -26 -80 82 60 95 -34 -79 9 2 -10 -31 58 -91 -20 10 46 44 -40 -63 -50 31 -6 -38 59 29 72 70 3 65 -62 50 -94 -22 47 -25 -38 86 70 -20 -30 19 42 -81 -70 -48 -68 8 4 84 63 86 33 63 75 11 54 70 72 92
62
53 -19 -50 79 -87 -94 35 -95 9 90 -62 82 -32 12 -26 37 83 17 97 61 21 -58 -96 71 86 -72 31 0 40 54 -79 74 -42 42 -69 56 -56 2 -99 -49 -98 59 -23 -14 -21 97 100 96 70 -50 21 -84 56 1 0 -39 14 6 74 4 -14 -83
63
54 -31 -90 -39 -63 91 -32 -94 78 -5 85 -16 -94 89 40 56 17 22 11 -6 17 -52 55 48 49 -72 60 49 80 -26 -33 41 -3 -81 62 -6 50 -22 -85 67 -82 -84 -50 -57 55 -3 -15 39 16 -30 -31 -93 -58 92 81 -8 -86 7 -19 85 85 66 12
64
-26 22 47 88 68 -25 52 94 1 45 -34 -17 56 -28 -8 33 -25 8 40 -62 -3 7 -44 -83 -16 -48 -89 -20 -70 29 62 24 -1 -81 14 50 -84 76 18 82 -83 4 18 -37 -50 -63 34 -2 15 -47 -7 83 -66 -83 67 56 -88 -17 48 100 85 -73 12 88
65
77 69 -19 52 -72 12 60 95 37 100 -57 -53 -54 -32 -69 -26 -14 -44 11 -63 39 -90 41 88 -6 78 58 28 33 -95 100 89 10 -29 32 40 -34 -42 15 80 24 1 11 -5 48 -12 31 -50 -26 5 -81 31 -37 -95 -60 -4 -41 24 -53 -67 -84 24 31 -100 18
66
-48 0 35 82 95 47 89 41 9 19 -22 -55 -76 -45 -4 98 93 -79 27 -51 90 24 45 -31 41 -56 -39 23 -96 -68 -23 12 35 100 68 75 -66 -91 53 -96 -37 -61 -31 50 -10 72 28 67 -11 59 -12 -49 0 -24 1 -43 50 71 -70 13 28 -62 -35 20 -84 87
67
20 10 23 97 -11 -97 72 43 -20 60 -71 -91 -44 -78 -85 92 -96 99 -44 5 6 24 -81 -64 15 -46 9 -92 81 43 60 -49 48 55 52 -41 88 62 -80 -70 -91 -83 -14 26 -74 50 26 95 -40 -32 49 -51 67 78 -91 -39 -22 25 -10 -89 53 -63 -73 46 -89 63 -97
68
-48 -49 -81 -11 100 -14 -4 -16 -20 -78 -92 54 -82 58 60 -74 -100 -63 32 85 75 25 -72 -70 39 -10 -13 55 13 -53 38 -57 8 71 82 94 28 40 -93 15 -4 87 -60 33 -87 -10 -32 -59 62 75 55 97 -37 1 18 78 -45 -16 79 98 13 89 89 -84 58 -61 18 -94
69
93 -6 -55 -19 -58 96 -70 -55 -69 -80 71 48 -11 -66 -84 -96 26 38 99 62 3 -90 -38 65 68 24 95 15 5 -1 -91 -15 67 38 81 72 20 -73 66 -73 70 50 -43 -33 -38 30 -72 -46 56 -35 66 19 -29 87 14 3 60 -65 2 -89 59 56 -53 10 58 50 -37 91 77
70
-86 -58 43 44 90 70 -69 -34 -18 -56 -39 73 49 -60 -31 35 -74 -89 -25 79 -61 71 36 100 100 -34 93 64 -68 -77 28 2 12 4 -28 -45 16 -23 -65 29 -78 60 -1 85 60 -76 -6 73 17 69 -4 -66 -76 -4 -90 -82 75 4 29 -71 -76 58 71 -93 59 -49 -52 58 -90 25
71
74 -77 -79 -77 2 42 14 70 -58 -36 -78 -61 -16 -68 100 -73 -51 18 -6 -62 95 57 44 -12 6 -97 90 -69 -66 -49 -20 15 -36 -55 52 45 -53 15 -90 75 -64 59 -44 63 73 -37 76 -27 -59 -65 -34 -43 41 25 53 -12 -37 -63 -53 -36 -48 100 -24 -26 79 74 -6 41 -5 -16 -51
72
-32 41 -14 -95 -69 1 -35 23 60 32 77 78 -28 -24 25 56 -39 55 -97 71 -37 96 68 47 38 -23 23 -79 -20 63 -81 -83 35 -83 86 92 -56 45 66 47 -31 -1 -4 52 -7 41 -63 34 67 93 6 39 -14 -62 47 12 -21 -74 18 36 -75 58 8 -1 18 76 -7 60 81 -71 -35 39
73
-43 14 -24 -86 73 92 -91 -60 -84 42 34 -100 67 75 62 -46 84 74 -59 4 82 -94 -40 -89 -16 -59 -71 -83 -84 -94 -52 84 -90 33 77 -23 -23 18 -34 84 4 97 -42 62 -62 -44 39 8 -63 -17 -14 96 -26 -32 -50 15 60 88 98 -2 41 9 -86 5 26 -55 7 72 38 -32 -5 -40 -100
74
75 -6 78 63 -84 -86 69 84 74 -1 -56 -30 -9 98 -26 27 -26 29 44 -61 89 -59 -76 -42 -56 -43 -14 72 -95 92 69 -3 -80 -13 77 -65 -51 -66 79 80 -25 -59 -22 -30 14 -63 25 -45 64 -71 -28 36 -88 85 -71 -20 40 -35 -64 -23 -11 -97 -15 100 77 -29 -69 29 -94 79 93 -85 -18 7
75
79 18 66 -31 -58 -92 -27 -10 18 -37 -68 66 15 75 45 63 15 -83 -48 15 9 -86 -99 11 -92 -6 -1 56 -47 94 30 82 -33 19 27 80 16 -95 36 -97 2 -60 -95 -33 65 68 38 20 68 93 -90 68 82 54 -94 -36 -74 -32 -93 -79 -32 -32 -25 -68 -35 38 -33 -17 15 -66 -29 52 -57 4 -53
76
-48 -4 -68 4 -85 8 -48 47 -95 76 -44 11 22 -58 -95 91 -98 -40 -91 19 -93 -98 90 -93 5 9 -35 30 2 -84 62 20 76 -76 -41 -52 -27 -70 -49 50 16 -95 -85 78 43 -21 48 22 -13 88 -79 -86 -74 -69 1 -99 61 -11 16 -93 -69 -44 78 100 -78 -69 -81 98 -3 -16 -88 90 -54 16 -23 -35
77
-28 -10 -44 69 1 -39 -95 -4 27 -60 67 3 100 -24 -12 -49 -53 97 -3 -56 -31 -25 61 77 -57 -50 16 54 30 10 1 61 -58 -15 -19 81 -13 79 79 92 88 81 -22 -74 -8 -9 79 75 16 -89 -60 63 -64 -81 -78 -27 46 -60 -5 66 -75 -77 56 -4 16 -20 -88 97 79 -5 -87 -32 -40 97 48 16 37
78
3 30 -21 56 53 72 33 -85 -32 41 62 24 -77 -40 56 -100 16 -9 12 90 -8 43 69 45 53 10 47 36 3 65 7 52 -51 -60 84 -17 24 12 -73 -80 -42 -64 -84 38 -28 89 -72 -55 85 -90 17 87 -25 -86 -86 -18 6 21 35 -100 92 53 44 44 26 29 -23 -58 57 -90 -97 -36 -47 -77 19 -32 -51 -94
79
-69 73 -10 66 -41 -46 -28 17 77 -77 -50 -58 44 30 -62 -18 -21 64 70 -99 11 18 81 -99 -44 -82 78 13 100 29 47 -60 98 -92 66 -57 -76 -73 88 -16 -70 15 67 0 30 21 70 41 -72 -100 -65 -30 18 7 -9 -42 45 -32 24 0 62 46 -25 16 -57 -27 52 65 69 -100 -56 6 -89 24 13 77 30 -19 2
80
-96 -47 54 33 -49 -42 12 44 -95 70 95 -16 -67 -40 30 -92 70 -4 -5 78 -40 -29 -21 98 66 -61 -14 -72 -13 8 51 -18 15 -65 -80 -19 19 57 -73 24 -70 -84 -86 74 22 -14 54 -67 46 -3 93 71 -92 -75 -49 -56 94 -29 -96 86 76 -91 -78 -37 56 26 -61 19 34 -64 -52 31 -43 0 -74 -16 34 5 32 -60
81
72 -91 70 51 21 85 43 73 28 70 -24 -6 -100 8 -91 -41 72 9 89 -33 -16 -66 11 85 84 -41 48 13 -2 62 -83 9 78 76 42 41 32 48 -62 10 98 -83 10 91 -6 -34 22 -5 58 -94 -40 63 -75 -89 -38 84 32 8 -19 67 -67 81 75 14 4 38 74 88 -98 -99 98 -39 -26 62 71 20 34 0 39 85 -82
82
84 7 81 -9 -10 -86 41 -58 -89 42 68 -20 17 90 72 1 -36 97 -54 37 -69 61 -36 -4 77 -89 25 -11 91 42 -92 -40 21 -97 30 77 63 -58 2 66 -100 91 22 -40 92 -50 83 24 -67 -57 91 -96 54 -90 80 -21 83 -91 52 22 11 -54 -51 -98 8 73 4 -91 43 -92 -26 56 -22 86 44 -9 -58 85 -65 -27 -1 4
83
71 -13 29 15 -86 -60 90 -13 -85 65 -97 54 -97 -96 0 93 15 85 -93 -86 -44 -58 75 -50 29 97 -96 -65 80 -40 -94 37 60 4 13 -14 66 -18 -57 -60 68 80 -50 -84 -2 -34 32 9 -94 -39 -53 -74 -1 9 7 22 89 86 22 -20 100 45 -43 1 -80 -25 -78 96 97 -80 89 60 -31 72 -64 41 -2 -42 -8 75 77 -52 62
84
30 -68 14 -22 46 14 -92 -85 -88 -66 72 -57 49 8 81 33 -53 -65 36 19 100 79 -1 -100 -91 40 11 -16 11 -75 28 -37 -69 99 -51 49 62 -51 -7 -65 -82 98 72 85 9 -7 32 51 75 -76 6 -45 42 60 55 31 76 56 -39 -59 35 -41 -96 -67 -78 36 -64 77 24 53 52 41 67 -62 -27 86 24 59 61 -84 -7 6 -77 15
85
-65 74 -75 1 -1 -82 47 -39 -40 75 3 37 67 -54 57 -53 -35 -100 -63 -57 30 -7 -69 -59 -90 -14 -82 -80 32 16 -26 86 98 -78 -91 3 53 -25 76 48 -7 59 77 25 -40 16 45 90 -32 30 43 7 -65 -81 29 -94 -24 -61 -67 28 48 24 45 99 -13 43 -96 73 5 -90 72 -47 24 86 66 -80 85 -77 -7 -23 -32 -44 -86 100 -78
86
24 64 -95 -84 57 -45 13 58 40 22 67 -24 55 -99 -93 -23 84 -19 -11 -68 5 93 75 -60 -85 49 21 -89 8 13 -64 -62 -73 -12 -61 62 52 18 9 -15 -6 -82 30 -21 7 -62 85 -99 -60 76 -80 85 91 -75 7 -41 58 -70 -66 -37 19 97 -53 65 8 64 31 -96 46 15 37 -3 -3 -54 -72 86 49 -37 82 57 -62 -1 56 2 -64 84
87
81 10 -26 82 -84 -24 66 -58 14 41 40 -87 46 -97 -58 -11 -10 6 -10 -6 75 66 -85 -9 13 -86 -56 -55 -90 96 41 -25 89 -3 40 38 85 76 -69 68 11 -44 50 -7 -24 60 46 86 -28 -46 84 -74 -28 -84 -4 35 -28 5 -24 -52 -66 -12 -96 -31 -64 59 10 -73 -15 1 86 21 53 53 -80 -62 49 -1 47 -24 31 51 -8 3 20 24 -93
88
44 37 94 84 3 31 -36 -66 -79 39 -77 4 16 -100 55 -67 -25 -91 -80 -20 10 94 -84 -77 -23 39 62 -55 36 -93 -43 -66 -39 88 97 76 -89 47 86 34 11 4 -3 41 64 17 -81 -58 -20 21 -52 -94 -40 -99 34 -25 1 -99 37 62 -86 95 -92 86 -46 59 -63 0 72 -56 48 -73 46 23 93 -36 -99 52 -73 -50 7 46 72 10 -69 -85 38 -16
89
3 15 -20 91 42 -14 -16 20 -11 -23 7 -77 -58 80 24 44 12 -95 65 -10 -100 82 93 94 -85 6 75 -1 7 -32 65 78 -4 -40 -34 -12 -55 57 69 -62 -56 -10 -25 -82 1 1 -79 -86 -13 -18 -88 -78 -4 -22 -74 52 -56 -50 -41 -25 -7 85 95 -66 -64 -13 -29 -43 41 36 49 29 57 -17 -90 70 3 36 -100 36 34 -35 33 -5 66 -42 -48 40 18
90
-42 -33 -42 -3 50 44 33 -67 16 81 -25 96 82 -34 -34 28 39 96 30 -51 -99 16 -42 47 78 -61 -11 91 80 2 85 48 -28 -42 35 85 -7 84 -12 -85 89 -44 60 -27 35 83 -14 2 98 43 57 -16 -51 16 -68 -48 -16 -96 -20 -59 -98 -12 -48 59 -41 -91 91 38 -74 49 -73 22 -88 -3 -2 -23 -24 27 85 16 -100 59 -89 26 33 64 -68 12 -37 77
91
76 -60 -37 63 82 -99 -12 -14 -11 53 46 82 -98 -89 53 -66 70 83 -94 92 73 -87 -12 27 18 76 37 2 76 -19 52 -37 67 -55 -16 72 6 -7 -67 -90 32 -2 -47 -92 -80 -13 -65 -72 86 57 45 -33 -46 55 44 70 -40 11 -23 84 -17 29 97 30 97 -58 27 9 -28 60 20 -30 -8 14 -67 -12 -62 -99 -79 -27 -88 -82 -97 -16 -41 45 39 -20 98 33 -2
92
38 14 -88 -99 -96 80 97 -21 -49 -45 63 -88 -53 84 52 -62 -28 -12 35 -32 15 25 64 -62 -85 -26 -35 37 10 -19 -81 -12 -86 -36 90 34 -2 37 -56 -9 49 47 76 51 -14 -69 -95 79 87 2 -14 60 -13 1 -4 62 -8 -100 -77 -49 -16 62 -39 -16 -61 43 17 -38 43 97 73 -96 51 -16 -87 -26 9 -98 23 -75 -18 -70 -43 93 51 2 37 -29 86 -63 -70 -60
93
-82 100 1 -70 86 -94 -63 -94 -73 10 92 11 -83 -88 -27 -51 64 -32 52 -74 -83 10 -56 -99 -22 -88 3 -48 -20 -16 -69 76 98 83 54 11 64 -34 -80 18 78 56 -90 6 -92 -6 41 -27 7 32 -63 -19 -81 -9 83 49 84 71 67 -4 50 86 -82 91 -65 85 6 93 48 -95 -93 -66 58 -81 49 -100 -77 -26 92 -39 -81 66 24 94 -57 -17 67 -85 3 -46 -37 88 -35
94
-50 91 84 84 13 -29 -39 54 -59 -10 -42 -77 -99 10 -20 20 45 -94 -36 -93 -9 -31 33 64 84 -28 6 68 18 -6 -86 48 -3 -63 2 94 -53 -76 -100 41 87 -29 -81 -21 28 92 68 35 11 67 -33 -31 -60 66 -69 61 20 -28 -52 -52 -89 -26 75 -56 75 -93 -90 100 -82 56 2 21 -39 -97 61 -14 53 81 -94 -63 16 68 -29 97 -82 -13 18 -22 23 16 21 -6 -70 66
95
50 59 -92 -43 35 76 24 23 22 26 11 26 -60 23 3 9 -1 76 -48 -54 72 9 -45 -22 63 15 79 -39 -37 -61 -72 10 -34 58 -53 -27 -39 94 -63 -31 33 -46 14 79 -48 -25 -36 -52 40 -21 54 -80 94 -95 4 86 -90 78 -7 -30 93 25 -42 99 42 8 -72 60 29 46 -93 -52 -3 31 -39 87 98 75 16 10 41 -26 -97 -99 68 -69 -64 -9 32 -44 63 91 83 59 -53
96
93 -88 -65 -47 -98 -13 72 -44 79 44 6 -41 16 99 -91 29 39 66 13 -61 79 -44 -71 16 -36 -58 69 0 30 -30 90 18 -69 -25 -8 -42 -1 28 43 92 25 -33 81 33 87 29 -45 59 51 0 -71 97 34 28 30 -46 20 -28 -35 -30 87 -89 2 -77 -100 -85 -22 -82 13 44 -51 84 8 82 55 -72 -68 -73 29 -59 78 67 -62 -75 -19 -24 -75 -17 -57 19 -52 99 -86 48 -40 -100
97
-35 -82 -12 67 50 -22 -39 89 -60 33 88 -85 86 10 51 -76 -12 -59 -8 25 -72 14 -86 -40 -63 69 -90 -40 0 -85 51 81 -79 -25 -64 -24 41 96 52 74 -15 -81 -85 -23 89 -77 69 -64 -20 -69 59 -74 44 92 42 -40 71 66 75 52 71 88 8 -30 30 -61 86 -15 8 14 55 16 15 -79 -68 -41 -1 78 91 -72 -68 -8 59 -16 56 48 18 1 -36 -16 -90 -82 62 70 -84 25 41
98
-80 -82 -35 24 24 -89 -50 -6 60 -54 -40 -90 -55 46 -71 73 -67 -44 -87 36 47 -89 15 -82 95 -60 -7 98 -15 -19 81 -67 -56 33 -11 44 -45 34 -42 28 -6 -56 -32 -4 64 -62 -90 4 -82 -51 55 -76 6 71 31 58 14 100 32 -87 -17 -95 -41 -14 19 92 52 -84 -100 19 81 24 -49 -49 25 -56 -34 47 -39 0 -44 58 55 8 3 4 -67 63 16 -53 62 -19 49 -6 66 -38 11 -85
99
90 -58 59 -44 -66 -76 80 -75 38 65 16 -37 -68 -85 91 59 -52 31 -2 -42 -90 -99 53 -87 9 21 73 87 65 -79 -99 -88 -67 -49 64 13 -55 53 -56 30 -47 86 -10 75 -95 39 39 31 43 46 -51 73 30 92 1 25 -93 -87 36 59 -28 19 -44 -33 -94 95 -26 -64 76 25 -14 -35 89 -37 -23 23 -57 72 -81 44 52 27 45 30 50 80 11 74 65 -72 64 70 -39 -19 -19 92 -43 28 -86
100
-3 23 47 -17 -61 66 19 73 -48 60 -77 -37 -26 75 75 -86 -9 -63 -58 5 44 -39 -40 -33 96 15 9 -90 -47 -79 93 -89 -49 16 16 -78 37 -27 32 -46 -22 -34 34 76 -17 -55 76 -17 -11 -23 -38 2 51 -69 67 81 79 -6 -35 29 71 46 20 -5 -91 55 55 55 -78 36 -52 -45 -64 -30 -91 77 -26 64 67 75 -4 -69 95 0 79 57 79 -78 98 -31 48 91 -33 -71 -33 22 -89 -55 65 -74
100
30 -100 -13 23 58 96 -10 -33 69 -35 41 75 41 82 -52 54 65 -19 11 -71 1 86 28 52 60 -91 31 -68 -74 -85 19 -35 -62 41 8 -11 6 26 67 78 38 -78 26 52 -97 54 -1 -28 17 70 -46 -24 30 79 -31 5 27 24 6 -40 94 -44 5 -80 -16 -80 -51 13 -78 -40 -20 -25 -96 -82 -33 -12 -69 -43 38 -50 -36 -23 -95 64 49 -74 48 67 -3 63 -55 11 -70 -49 -28 -100 -34 26 78 26
100
72 65 -78 44 32 54 63 -57 -90 17 80 -88 -74 18 35 28 13 9 -59 36 72 -83 88 -13 -56 -5 52 -52 -99 61 2 46 34 -53 14 69 69 41 -27 40 -66 -6 -48 -42 -46 76 -49 -84 6 -66 -39 88 -25 39 -39 23 -54 -48 -48 -56 33 -33 -1 36 9 98 85 20 -10 -82 -18 -22 4 9 -58 -39 -85 -27 -24 94 -58 -10 11 92 -9 97 88 -88 7 -84 3 -65 36 15 15 89 -25 -98 73 83
100
-83 98 54 -21 48 56 73 -50 41 -43 -10 -40 -48 -80 38 44 -48 -51 -97 -52 -43 49 52 -74 -56 96 -24 -56 -33 -30 13 7 20 41 2 -26 72 -97 74 -23 -61 -20 -98 -68 -62 -87 -19 -71 62 47 -23 -7 6 89 12 28 -99 71 -83 -4 -36 -6 69 -43 69 -80 46 82 20 87 -1 -26 -56 -7 -53 -9 -85 61 48 92 62 17 -58 54 -38 60 -79 -68 66 -86 55 -61 95 -72 -57 53 -69 59 -53 70
100
28 -57 -20 -31 98 54 -27 27 -91 95 11 -63 13 43 27 -23 34 94 44 -7 79 -66 16 53 40 43 51 8 21 64 -96 -45 -29 -75 -58 58 -72 8 21 40 -75 -81 -76 -31 -82 31 -25 -9 27 -79 -60 49 -5 -88 -1 18 71 -7 94 -6 27 -25 -79 -11 23 82 18 3 88 -51 54 -64 -10 95 -88 -16 15 -51 67 67 -97 76 1 51 17 68 -57 59 -70 -43 -5 42 90 95 20 77 -3 96 -96 36
100
98 -15 33 68 24 -17 29 83 69 2 79 -2 -53 36 -9 -44 -94 93 56 -88 -51 7 -56 71 -32 65 -49 19 98 -9 47 60 87 -83 14 44 61 24 59 96 80 92 -92 45 -19 -89 -8 58 45 -84 58 -39 -29 -85 43 47 12 20 26 11 33 -53 51 13 -8 -58 38 76 69 61 24 -73 -55 -62 31 -19 44 -70 -81 30 -67 -12 -22 -28 27 56 -57 -20 -89 -8 -9 58 -88 71 70 -80 -2 88 -5 12
100
13 42 36 -19 80 55 -17 77 -56 6 -39 -43 -5 -81 -77 19 11 80 38 -39 -89 81 -3 94 -61 14 52 54 -40 -20 14 1 -6 27 -36 6 20 87 65 -1 40 76 -94 -91 -21 97 -67 23 42 23 -54 -73 -49 -37 -46 -7 -46 -67 -93 99 89 10 5 39 1 -78 15 92 23 -12 61 -40 77 13 87 -17 85 69 -82 75 87 8 -18 93 -7 -50 62 85 -87 -99 11 22 -97 79 -40 55 -94 39 1 26
100
91 -67 -53 50 63 67 33 -43 71 33 99 -16 19 -14 -69 26 -30 -51 -62 17 74 91 9 -64 89 16 42 15 -96 -19 3 -2 90 -72 78 -28 -45 -22 78 -65 18 -58 -19 77 -84 28 7 60 -56 42 -10 -24 -95 -88 -76 -26 -66 -75 70 52 -26 29 -43 82 -33 67 -89 -12 87 100 20 -12 89 -70 -38 3 23 27 48 -58 1 86 -86 -45 -82 26 3 -4 -10 71 -1 -57 -73 -82 19 -27 -76 53 78 29
100
-14 -63 -38 72 51 -18 -8 -96 -55 46 -91 -94 82 24 -97 -80 63 66 82 10 -40 52 13 -88 -37 -95 -8 100 -59 -81 32 98 -24 -66 -85 27 -83 43 53 -46 70 27 -97 -43 40 1 49 99 43 44 89 92 -70 -42 -93 -18 22 24 -32 -28 -22 17 -62 64 -35 -4 -77 41 80 -18 26 22 -92 -75 14 62 -80 -63 -55 -19 -21 28 15 85 -22 -64 17 -73 98 -38 47 7 -20 -68 18 -73 24 67 -28 -3
100
3 90 -63 43 22 40 -7 88 7 -4 85 85 -19 -65 83 -84 27 -92 47 -12 28 -52 -25 39 -24 47 -17 100 11 -57 51 37 15 -1 50 -95 9 -29 72 93 -94 46 -44 -87 87 -20 84 -99 73 -15 90 54 73 -1 79 -21 -54 -33 -90 1 64 58 -63 89 -35 -68 -53 -80 32 61 79 3 -97 -52 -69 -98 -58 -98 79 -23 77 62 34 6 70 94 20 97 85 -2 -98 46 6 79 -54 4 92 -21 -82 -21
100
66 24 -39 -31 43 -43 29 -8 29 -47 43 63 81 92 37 -69 1 30 54 -37 -9 13 -54 53 40 -21 31 46 -49 25 -26 46 -36 22 76 -40 34 74 10 -3 37 -10 68 -78 66 -75 -10 39 20 41 -43 -59 16 -21 -35 61 5 91 71 -60 -43 -52 -87 82 3 -80 -43 -10 -40 -76 -50 -27 -4 48 -7 -78 -21 81 32 30 -1 -69 32 -58 56 33 39 -49 -23 15 -78 20 6 65 -51 84 -34 31 -41 0
100
13 -93 -97 78 14 -79 67 -9 -38 74 -50 49 -69 -32 -93 -32 -72 -32 -80 53 77 -87 -33 91 35 -67 3 -12 -50 -38 33 26 -48 52 -98 61 -56 -39 -46 51 -36 81 -71 32 -26 41 8 77 -70 -11 29 -80 -55 53 69 -86 22 86 33 -78 -16 81 62 -47 -48 47 -40 -5 54 89 -95 -34 -74 9 -61 -42 -21 27 0 82 -17 32 72 -89 52 5 -88 -30 96 -28 64 31 -46 58 -90 74 -85 79 71 86
100
-16 69 -91 9 -74 42 -1 97 84 -17 -36 6 -55 26 -41 -8 85 -12 86 -13 70 0 87 -23 60 56 69 -47 -13 34 -17 -26 -72 -70 -61 -54 16 -67 29 76 -32 -49 -86 32 17 -27 14 89 -30 -57 37 34 -25 46 -93 89 83 -71 2 -90 90 -57 -52 90 90 -36 99 73 91 -51 15 -21 -84 -74 67 -42 83 11 36 34 -91 87 -97 -93 -3 -31 96 93 -77 -16 14 -15 -67 -58 -20 75 30 -55 -94 -19
100
81 34 -70 -1 -80 92 53 91 -56 -33 86 -58 -91 -18 -40 91 -52 47 -88 12 77 42 0 32 -8 -53 -21 -14 99 -92 36 29 -84 -51 -83 -62 9 -44 -75 91 7 62 18 -8 -5 21 7 65 2 -63 -18 61 -25 49 -1 94 -85 63 -53 49 54 20 -56 33 -68 12 58 -72 48 -28 68 -38 32 73 -23 -42 56 -3 -46 12 1 83 50 48 22 -59 -12 66 -39 53 -66 18 13 99 50 40 27 15 94 -11
100
-63 -79 -58 -93 -83 -81 64 -33 34 18 28 51 40 -5 6 -82 35 -17 52 -91 -39 41 -17 -72 53 -2 -69 31 -99 -69 -99 89 98 -24 -12 -64 31 -46 -61 -64 57 68 -11 -16 -42 78 -16 -64 -66 53 96 -41 41 -86 79 85 -39 -65 82 -61 -14 87 8 -69 19 -73 -57 45 15 -3 9 -99 -87 -47 1 -44 23 25 -19 73 -4 -93 96 82 80 54 -64 90 -15 -73 100 19 -95 56 57 81 -48 -15 42 79
100
74 -36 -95 -5 85 -83 56 -20 18 -41 48 38 97 -22 6 -79 52 96 63 -27 -35 -52 -79 -73 -70 -57 -59 -83 -93 -69 -1 45 -18 -95 -60 -21 -14 87 89 39 82 25 -84 -22 47 80 93 71 -14 26 7 -1 -17 -75 82 -87 100 -21 58 86 24 71 99 -17 -17 -29 -39 67 -68 -70 -57 32 -36 80 -74 -16 -56 -35 79 -23 3 76 -18 91 -9 51 5 88 -41 -43 45 97 23 38 47 20 41 -74 9 29
100
-37 -25 -33 44 13 1 -43 77 -60 -1 57 -29 59 -93 -57 -95 -50 -96 16 95 -54 -88 -90 -35 -36 -77 -14 -88 -47 -7 -24 78 56 79 -77 92 -73 67 -43 98 -5 9 70 69 0 -94 0 2 -59 76 16 98 -73 -84 -53 25 57 37 -80 57 -30 93 76 -68 -74 -30 50 42 3 49 -27 13 51 37 -14 -98 52 70 -48 26 -41 -60 13 29 -25 53 9 -35 58 -77 -81 -97 69 23 74 -12 -15 72 100 6
100
-84 65 72 8 -27 -96 -36 46 -65 65 -51 -62 -86 99 -74 -50 91 -26 9 56 64 79 42 -91 -42 -47 99 -64 31 -76 -31 -88 73 -71 37 42 -57 -94 95 -100 -67 65 51 38 22 -34 66 -27 73 20 -24 19 88 56 39 -21 -90 85 5 -34 -26 -96 36 40 -54 -61 -60 34 -50 -75 29 -88 50 -30 -29 -9 15 15 21 15 -37 -6 -46 98 -83 59 -9 -15 -82 -17 10 87 76 -89 46 -32 -91 -60 50 39
100
93 -16 -51 99 12 -44 57 -1 -98 -77 -33 -56 -11 -73 -57 57 -38 -14 48 10 65 -26 86 -28 56 -41 -66 -99 53 -78 -91 -78 -77 69 -39 27 62 48 83 -83 -4 -26 -37 -12 44 -64 -78 -27 -49 66 79 0 -81 39 3 -76 48 62 43 -67 4 36 -62 3 32 47 -78 -94 98 -91 17 84 11 100 -96 37 -65 59 -82 48 -84 37 -51 -9 67 98 4 -58 94 -50 29 100 46 16 13 -91 57 73 -27 94
100
16 93 -75 -87 7 81 72 0 -67 71 -80 17 42 17 -54 40 -31 70 -3 34 -15 58 81 -24 -15 24 63 -70 12 31 -32 -2 -13 -10 -43 55 -73 0 20 38 -15 30 15 -23 -76 -81 -62 -100 47 -67 80 96 -61 66 -20 54 -47 36 97 -75 2 -15 -63 -62 98 100 -26 90 -3 -10 -53 -97 34 -52 24 -98 51 84 69 89 -27 34 -66 2 2 -97 -78 -23 -7 -25 53 32 -57 -18 -59 21 14 94 -81 21
100
-62 29 -51 61 -100 -57 52 -50 11 -35 91 78 -75 -36 57 67 62 53 -4 -42 56 1 -70 -90 57 52 -47 -7 -61 48 -71 58 -5 -40 -37 96 7 81 75 100 46 69 -57 -84 74 -23 80 10 -5 24 28 -13 -80 -65 -51 -56 -31 77 -100 54 -13 -70 -55 -98 -99 -90 92 -10 -16 15 48 47 -96 -96 90 -57 100 -48 -42 -1 -43 -61 66 94 90 66 -57 8 -83 -73 69 6 87 -51 -91 92 81 2 -12 54
100
38 86 7 99 -21 31 -4 67 66 56 -52 -10 -62 69 77 6 50 -80 -15 3 -16 44 -39 -5 32 -52 76 -67 37 -79 91 94 -99 -84 -53 48 -93 -45 -18 29 -21 -17 55 -18 -38 -80 79 83 -24 -24 -77 -76 -17 15 -95 -50 25 34 58 48 77 -33 -10 73 3 37 -7 -81 -24 27 -94 -26 -93 -46 -86 -100 -87 68 -45 30 74 -84 -99 -13 -23 -27 -13 -89 64 -72 2 -45 -78 10 75 -98 44 -95 44 -66
100
-83 -60 -68 -72 90 93 52 74 98 -24 -98 6 20 51 50 -94 42 89 15 -100 -14 -58 14 -25 99 -43 23 -32 97 91 -28 -39 -43 -36 -38 22 69 -93 -75 -71 73 18 94 -26 43 74 -1 -77 -19 -70 68 74 71 -55 -31 -14 13 -1 5 65 -37 13 -71 -5 4 -27 -5 74 87 94 72 14 29 -31 41 90 -79 41 46 17 -81 -64 59 -67 75 -34 -40 -72 14 -79 93 -61 16 86 -14 -24 -25 -35 -13 80
100
-8 25 78 -73 -60 -46 -72 53 -97 73 45 -58 3 -40 -58 7 86 11 99 -79 53 14 -37 92 -89 -85 86 67 -97 -20 -87 -77 50 -46 -67 32 -5 5 -80 -8 -5 56 59 100 -15 -58 29 -47 32 -27 -21 -92 -39 6 33 69 95 -12 60 23 -72 96 91 40 -92 -92 -79 19 -69 -2 37 -21 -18 -7 92 97 87 -48 -25 -5 97 72 53 24 66 59 80 96 -23 -55 -67 -75 74 2 71 23 83 -26 -77 -99
100
-32 -46 -3 83 -45 -57 -30 -59 -77 11 97 -56 44 25 78 84 -76 -91 78 9 -82 5 20 96 -93 81 51 -74 1 -96 -17 21 60 -45 -84 -27 66 -51 16 53 -96 90 -76 -98 -51 13 -13 -67 17 65 -39 46 9 63 -81 70 61 81 85 67 -79 -55 10 -37 -27 11 85 -78 -86 -60 36 -88 -84 -53 71 -12 93 3 63 -66 98 17 -61 -76 -39 68 -2 13 12 44 -85 44 -61 36 39 -73 -52 -66 -90 75
100
-19 -96 14 66 57 14 -2 75 4 60 -98 37 100 27 -55 -97 39 -59 -75 89 -59 -61 -30 -17 -67 -67 69 65 67 -82 34 98 -15 -95 13 -58 -95 -45 89 -49 -8 52 75 -16 -46 28 -9 35 73 -99 55 -19 56 8 35 -9 97 79 41 -5 77 -87 -90 -17 19 70 83 48 -46 73 66 -76 -68 -79 -24 32 -23 27 -37 25 -16 -39 -38 -19 1 -76 -58 -11 56 47 67 -87 87 -45 81 46 -80 33 43 -15
100
54 71 -55 -98 -47 5 62 -11 28 -88 -70 -98 -40 -87 68 34 80 -60 -75 -31 -21 -79 -20 58 -47 10 69 -16 37 99 -31 -15 37 56 -64 -70 94 72 83 -30 60 8 13 -67 35 46 -11 16 28 69 -29 -68 31 8 42 -47 35 -52 -42 28 -89 41 -24 0 65 -48 -72 -45 83 -44 -21 7 -82 -45 -62 90 100 -90 -95 7 -37 5 64 59 -11 63 -73 22 -77 14 -1 -86 -80 58 3 79 -15 84 30 -36
100
0 -86 93 -58 -7 -41 39 94 -38 1 -82 34 67 -92 -57 -40 42 64 -17 22 -83 -40 -10 71 3 -23 -71 45 84 77 -44 -24 0 40 -70 3 62 -30 -45 95 91 -88 4 58 78 -41 -8 -99 99 -40 -7 28 -70 61 -49 90 38 5 15 7 51 -33 -25 -91 36 -17 44 -1 -49 17 45 -98 -62 -75 -51 80 -59 -2 -74 -89 62 -33 -32 -15 -64 6 50 -91 14 -36 15 78 -8 -62 -42 64 -29 2 57 99
100
-56 -26 -43 -84 10 -4 -41 57 43 -50 -68 61 -40 -84 -96 -93 21 -10 -54 2 65 0 39 -72 81 -93 -27 -9 49 -65 -43 11 78 100 19 20 -64 45 -61 54 -99 58 75 -50 73 42 -72 60 91 21 89 -57 73 -49 50 97 77 74 45 69 73 -64 61 -58 -39 -37 -53 -80 12 35 18 -8 -64 -28 -92 -37 -59 70 -12 -63 -6 42 71 -37 50 14 41 79 -51 91 -23 89 49 -67 -5 -81 -3 -5 -18 -8
100
32 -80 -42 15 31 32 77 -95 -47 -48 -32 22 -68 -32 -76 12 2 88 -28 -92 36 28 12 -36 -32 97 91 -85 42 28 -89 94 0 -85 -11 -1 -4 50 33 74 -88 -51 54 -66 41 8 66 -86 -88 -30 23 -99 -55 53 -42 50 -58 -27 32 -25 3 -90 28 -95 -58 -34 85 24 87 -93 -5 -6 -78 46 35 46 84 93 55 100 31 83 -96 74 64 -26 16 -93 49 -43 -13 -74 62 -85 -14 -16 -13 2 68 30
100
-13 82 -38 44 -98 22 -3 77 -63 99 -58 -89 2 -79 -93 -25 -10 -55 -49 -22 15 77 -59 1 17 -84 -74 -90 34 84 -14 -40 -49 -52 -79 7 32 -36 35 -73 81 46 15 14 -65 -31 -44 -61 8 19 -61 -5 -74 -98 70 -91 72 -89 23 -97 93 46 77 -6 47 -26 -82 33 -38 71 -36 96 -81 55 -29 -100 100 -77 83 52 35 -78 -65 -36 -32 -64 -54 -81 -24 -20 -34 39 18 -52 47 16 -25 80 50 1
100
35 74 -40 -39 -98 -74 12 6 -79 -47 -78 26 96 60 -7 -92 -87 -97 59 94 -24 -6 89 -93 6 -45 -89 38 96 44 85 7 -76 -85 68 -65 -27 -17 -17 -31 -11 -25 46 -41 36 85 61 20 4 -36 28 47 44 21 -95 -16 82 -49 -47 -44 -65 24 -73 -12 28 49 -34 -29 75 23 -38 -83 -2 51 63 29 -57 -14 91 88 98 52 -51 -10 -32 79 6 38 -85 26 -24 -88 32 0 -28 90 21 41 -12 35
100
0 -20 -91 15 41 -30 89 45 -44 39 -96 29 64 -90 -48 70 68 -4 -60 87 76 36 -44 71 -66 47 -3 19 -40 31 -27 -12 40 89 20 9 -11 37 -49 -59 25 -77 -86 -31 37 -39 26 53 24 90 -15 -57 31 -78 69 -96 -93 92 37 -70 8 -67 9 -14 38 72 58 28 -80 100 31 6 11 -22 88 53 53 14 -79 71 39 -71 87 75 13 24 67 -19 -53 83 90 -80 -36 -36 61 -72 22 -5 77 70
100
-81 -76 95 -29 -24 -41 -21 22 -29 -38 -28 -87 24 61 93 69 20 -46 41 25 -3 -7 -16 11 33 -6 -34 -6 -54 -64 -66 -92 -37 73 -23 -50 60 39 67 -53 65 -86 -69 32 -62 22 34 -93 16 66 9 -94 -88 -64 41 18 91 -83 -80 -23 -47 21 72 -45 -10 -6 -97 -56 94 -90 -74 -89 -98 -42 -10 19 84 8 43 54 -10 85 53 -87 -74 16 88 -26 91 -94 -36 34 -71 0 93 -90 -52 -80 66 67
100
-32 68 75 -53 28 99 -63 -76 -96 -89 1 38 -94 15 -10 -31 37 -90 -15 50 -40 89 -33 53 95 99 -35 -56 -94 -51 -2 -92 -19 -37 -88 33 90 -5 -25 -30 52 64 54 -6 9 -42 1 -57 49 -22 -71 -87 -82 -40 -54 -16 -5 16 51 -90 -93 -22 96 73 -16 -99 -35 70 -94 54 -99 -62 56 79 65 -52 -94 59 -36 9 -41 -84 68 76 -26 53 93 61 51 -82 -20 98 -32 83 28 -76 82 90 -79 -19
100
44 32 5 87 21 -34 59 6 -36 98 -36 -54 14 73 -9 -32 13 -64 10 -34 27 13 -72 7 -69 -61 -83 -55 18 -80 -5 -64 -63 -56 -66 42 55 -4 -2 9 -40 38 -42 76 -13 -57 -100 58 -79 77 91 -48 -25 7 -31 -89 90 85 10 -99 -33 22 -36 -7 -15 98 74 36 37 -46 -65 -37 -52 -68 83 43 -81 -23 -17 -61 -66 -95 47 55 96 21 100 22 6 -1 67 80 51 56 17 79 -40 -86 -31 1
100
26 38 30 35 6 11 9 -48 51 -6 -61 85 -47 -10 60 -28 82 54 10 68 -83 5 46 71 -5 55 81 -70 95 26 -15 -21 -89 57 -72 -49 85 9 -42 32 66 -71 24 -76 -55 -87 55 47 18 51 -44 -87 39 -74 20 -4 43 90 4 -31 -10 59 49 -68 94 -36 16 65 -55 -32 54 14 -45 51 -46 73 -52 50 -40 -68 -69 63 83 -100 -3 -5 -57 -100 99 -15 94 -92 -64 41 -4 -60 13 29 -80 97
100
73 72 -59 -88 60 58 48 -58 39 74 56 -90 -87 -72 -19 58 9 44 80 -22 96 -29 67 1 51 52 -50 -88 60 -71 -96 25 24 -62 88 -45 59 -16 -90 -52 -22 29 46 -20 21 -10 -13 -58 -100 80 -85 28 97 12 -67 -97 41 12 4 -38 22 50 41 90 85 -66 -42 -61 17 -36 89 -72 38 45 -27 -60 -22 75 -13 15 -89 -84 -43 53 45 28 -67 -70 -95 -21 12 38 -49 37 -68 -93 3 78 -39 -29
100
-64 61 18 30 89 -9 28 31 74 62 96 -79 5 56 84 -48 100 45 -44 -49 -75 74 75 98 -6 -5 18 20 -41 32 -42 19 5 49 35 100 -64 -16 -51 -51 -97 80 3 -53 -30 82 -96 -19 90 -31 48 37 -29 76 19 4 -69 57 -22 3 -54 99 -79 -79 77 -33 94 91 80 40 63 -49 91 -50 -43 -44 30 -1 -71 -78 28 -24 89 -16 -27 -95 -29 -94 -83 17 4 3 -84 23 74 4 33 -79 -83 -21
100
13 -11 -64 50 35 -9 -13 -29 -66 -28 32 -86 62 98 63 -47 -68 26 -49 -58 36 -100 -10 38 -1 46 -7 6 52 4 44 37 -28 38 68 -90 64 -29 9 99 -29 -95 13 -17 9 65 33 27 -89 -79 67 8 -99 -6 26 -93 55 7 -84 -9 70 1 -64 77 52 5 -44 -94 -5 -94 72 -63 78 -94 15 -42 -23 21 89 -65 -62 -82 92 -14 -9 -78 -52 60 -39 -85 -90 -67 46 -95 -34 6 -21 -49 -34 12
100
54 96 -48 0 27 -55 46 79 65 -9 18 67 31 -43 -90 -72 -20 -10 66 48 -18 -82 -48 56 25 -40 52 -17 39 -38 96 13 -5 77 -64 46 2 35 26 -72 76 -40 42 -29 99 -50 -61 40 40 -62 -53 -3 -85 20 3 -14 -86 62 -42 -54 -38 -18 -89 59 5 -13 -90 58 -50 -40 -37 2 32 43 83 83 -60 66 -17 -39 43 -45 -18 74 -91 -98 -76 33 4 -55 -65 -84 -99 52 -100 -4 -66 54 -71 -73
100
-38 74 52 29 79 57 -39 18 16 77 -81 30 -92 -2 93 -68 -87 74 -83 72 -24 -5 87 3 -10 22 51 98 76 -17 29 -37 -29 76 -83 -62 70 12 -24 -78 -58 31 -85 -54 -61 -54 87 -57 -70 -74 -70 -70 -93 23 -55 -4 92 98 84 53 -65 76 -98 57 31 2 -78 44 54 82 95 96 75 56 66 43 25 -84 -28 70 56 -85 -44 31 89 68 -61 -69 -20 0 39 -45 52 -64 -99 -82 -23 100 52 46
100
-63 -28 -1 -65 36 -70 -17 -33 -51 -4 50 -5 52 -85 -13 5 -6 -94 -7 28 41 79 -31 44 100 -68 70 -66 35 -57 51 -66 3 -7 -65 -5 51 -76 -14 69 75 -24 13 96 -99 47 6 65 -33 15 95 -8 -14 11 97 -64 -97 -12 -23 -4 -41 54 38 -16 -9 -81 -43 -4 -78 -97 -52 63 -63 -31 -50 9 60 -73 58 -80 -75 81 16 -9 -88 -92 44 23 -2 -37 -25 -86 21 23 -88 31 61 4 -55 -43
100
-61 -87 -80 -3 -43 -81 65 -13 -18 -88 63 12 -46 95 -50 -99 33 11 60 81 8 -73 92 62 -57 -17 37 75 22 6 -77 60 44 52 96 -77 25 -41 21 -46 86 19 60 -27 85 47 21 93 37 -96 -13 52 99 -90 -67 13 -20 38 -26 63 -27 -85 -83 4 -59 21 81 -89 52 59 -46 -53 -36 68 10 -15 -8 41 -85 34 97 -70 -2 -12 46 15 -10 -57 20 -87 -1 99 58 94 13 2 -8 96 -68 -34
100
100 -70 1 52 41 22 -29 4 14 25 33 48 28 -32 -56 11 -41 -71 6 -23 41 99 23 -39 -35 -69 -51 9 -28 19 31 -21 51 61 100 -47 -94 2 4 -63 -65 -1 98 -63 5 35 69 -86 -41 12 75 63 -89 35 -44 62 27 46 -3 53 4 81 16 -41 -62 69 -36 -25 -12 98 50 5 -65 -22 13 -34 -100 -68 -89 -65 16 -75 16 -6 -72 77 80 92 66 47 -42 22 -22 63 75 3 87 -89 -22 -2
100
90 -37 51 -36 4 -56 84 -31 -52 91 80 40 -54 98 -91 83 -67 -10 -6 -76 58 99 0 17 -21 -11 19 -14 -21 -90 -13 -13 -89 -27 -3 91 -18 5 -77 -18 8 76 22 39 23 55 -27 6 37 57 -51 32 -39 -63 83 -89 91 40 -79 47 49 -87 -58 32 2 97 85 -71 38 72 -7 78 70 -12 -62 60 43 70 -87 66 -19 -52 -76 -61 60 -77 -68 -93 78 8 58 -27 39 40 31 72 91 54 7 -37
100
-43 -16 -10 83 24 43 -22 78 99 72 -40 -4 49 69 -69 -73 -52 -33 -67 44 5 -83 21 76 -8 100 -7 47 41 89 63 -10 40 13 36 18 -52 53 -100 -59 94 32 -43 18 42 33 47 -48 -45 9 -87 -9 -68 21 3 -75 -3 38 -94 -28 33 85 -57 35 81 -22 8 14 84 -16 -25 45 -51 31 -44 85 70 59 92 -77 -37 -73 24 22 -45 -72 -47 9 -51 -25 -100 -41 -47 3 78 -1 90 -53 -5 -76
100
-55 46 -95 -71 -48 -90 73 -35 31 80 57 -48 -46 53 35 60 -59 99 43 47 87 7 -51 77 35 87 15 -9 -72 -11 47 34 89 -55 42 61 -96 -91 84 -21 -40 93 -64 -87 -47 98 -33 -47 -28 -49 55 83 -59 -92 64 56 60 -7 -33 25 -2 89 30 -58 79 -13 -21 -66 21 -97 24 -80 92 41 -71 -87 12 93 68 -46 73 91 4 30 40 -45 -93 34 95 -55 95 79 54 36 -73 -72 -93 -63 -73 -43
100
-47 -46 -98 23 88 -10 32 -94 -5 76 -16 10 -63 21 91 66 -100 -42 61 -11 32 99 21 -58 -16 33 43 -4 -1 38 -2 80 49 22 5 -72 42 88 -38 -98 -61 72 45 -77 -33 -77 11 -8 41 95 62 98 -61 64 88 -76 -53 31 26 42 -2 84 -94 34 -3 51 12 70 68 -91 -22 -30 17 20 89 -6 83 -58 -19 -28 -4 14 32 90 60 98 -68 -48 -53 -45 58 63 7 -70 72 -18 -100 61 -49 -41
100
80 94 49 -89 -82 96 -18 92 -2 -94 1 99 71 -12 41 -10 -61 96 -8 34 18 -97 77 91 23 27 -98 -46 -71 62 -18 99 61 -90 72 -91 75 -48 -86 71 99 7 44 -16 99 -24 -27 88 62 37 -38 -32 -37 -34 87 80 -36 30 -21 42 35 -77 41 -12 30 10 -55 -36 70 -19 -60 -59 55 -73 -36 -48 -90 42 -6 -4 -3 28 6 -65 3 -18 16 63 34 -83 16 88 58 -56 99 25 -76 -48 -90 20
100
-91 -67 0 -17 35 -10 -54 78 18 10 -59 34 92 98 8 19 44 63 95 22 30 99 -80 89 -42 -58 -87 -58 96 -32 -41 66 35 -53 -16 -78 -100 92 78 47 81 -17 45 75 -98 68 -16 86 63 64 -69 84 -32 64 -39 3 -65 -64 27 -76 -67 -84 -21 -55 73 -64 -32 -69 -45 88 -88 -9 -3 22 -51 83 70 100 18 5 -35 96 1 -34 13 -17 -67 -19 72 55 -28 18 -91 82 74 62 -72 -31 -57 94
100
-41 -80 29 -56 40 -78 54 69 13 62 98 62 -46 -12 -29 38 -76 -69 -77 8 -17 82 -66 34 29 -6 34 75 12 -23 51 24 -16 -13 -1 48 20 -35 34 -77 -89 -10 -80 47 24 -54 -46 46 -59 -18 -39 -28 -25 -23 -31 32 3 6 4 18 -21 -90 13 -5 -99 -41 -64 -77 -59 66 -14 -80 -58 -3 -55 63 46 18 -22 79 -98 -62 -79 -75 25 -96 -28 37 6 -33 93 72 -41 69 -63 16 -17 52 -74 41
100
59 -73 34 38 99 -64 2 88 -40 -41 -37 16 -32 -47 -60 89 0 40 -99 -85 61 -71 35 -53 -10 -86 83 83 76 -59 83 93 49 93 15 -30 -62 -22 92 87 15 75 -46 -68 46 -37 82 58 63 41 -90 1 -96 77 46 28 13 52 -6 -15 -49 -93 90 31 49 -64 44 30 -36 -79 -67 -72 -46 30 -21 -45 -38 -14 27 96 30 77 -6 6 -93 64 -41 -63 -56 74 -85 36 -88 -53 -84 80 -38 -50 -4 -68
100
-10 -33 43 58 57 36 -37 30 -25 19 3 67 43 -78 75 59 28 25 90 -51 -49 -81 34 -17 95 26 -85 90 -89 13 -90 98 -39 -8 95 34 -25 -66 85 -9 81 86 98 -80 72 -63 -10 86 48 74 79 -42 32 80 93 97 -4 56 -63 -42 -97 -12 39 46 -51 -30 61 -79 25 -81 -81 -63 63 -81 -89 -68 -34 -97 29 97 96 41 -52 -38 -70 91 -58 53 91 97 8 98 -47 -79 -66 -30 25 -44 17 96
100
64 -27 -81 -38 49 38 -37 -27 60 -67 -89 32 -66 55 -87 -19 74 -58 -92 51 68 83 73 -26 81 -63 -76 14 7 30 -82 -97 86 -81 -48 -38 -7 22 -82 -67 74 -64 80 32 12 58 58 20 -76 5 7 -68 6 -44 -49 70 -24 -72 20 -65 -22 75 -74 95 43 -51 78 86 -43 -45 -69 36 -22 16 53 71 10 91 -17 41 30 -58 -90 80 -18 77 -23 -41 32 -55 -81 47 13 76 93 -44 41 -82 -62 5
100
92 16 14 -7 79 -2 -48 6 -43 -72 -30 33 30 39 6 -13 94 60 -78 70 94 -8 -80 4 60 48 98 25 55 -1 -78 82 -57 4 -73 -9 5 15 81 99 -47 -29 -36 -37 -35 55 -39 -42 -24 -69 31 94 34 28 -49 -73 49 68 -2 35 -84 33 59 -45 -19 -87 75 -56 -83 43 -87 4 2 90 14 -83 40 28 -49 -49 -84 -14 55 -77 83 2 18 -87 -94 -51 -74 99 92 5 27 42 69 -72 -3 -65
100
6 11 -63 -91 15 -8 -73 -12 -44 -72 -56 -58 -54 -100 67 -41 -78 -44 -80 -96 -41 -19 -100 69 -42 91 -76 -88 -69 -26 4 56 10 8 -73 -48 38 -38 -73 41 10 21 61 65 -73 79 82 17 2 -82 -81 -44 8 -38 -80 -83 76 89 62 -10 38 -5 -42 -100 -15 -25 -56 -60 96 -1 -13 -40 -61 10 -21 -82 -80 -91 -13 96 34 17 3 -56 39 -17 28 85 93 0 14 23 -18 -75 32 62 62 -37 -37 -79
100
3 1 56 -26 87 -25 -44 76 -36 11 -5 42 90 4 -4 -7 -9 96 -33 19 21 39 14 40 -21 74 2 96 -93 28 -45 47 98 90 68 -32 6 36 35 64 11 46 2 -56 -14 -33 42 93 -64 64 -46 -36 -53 76 49 -46 54 -35 -39 -79 38 87 -84 60 -19 -18 -86 -82 -58 60 -20 -24 -100 75 80 -56 2 68 -5 -69 -32 -57 61 77 -62 19 79 0 17 19 81 -13 7 81 57 -12 -9 -27 -75 -66
100
35 2 -65 -84 -7 88 -9 -75 10 -47 30 12 3 -7 -48 54 -73 43 87 -46 32 -80 -29 -99 51 87 8 72 -23 79 48 1 -22 38 -84 -18 -77 66 72 -99 95 -74 0 99 48 -62 -26 99 -4 82 91 -59 -70 9 -67 4 -23 32 86 -70 42 33 82 -51 -35 44 80 81 57 4 -88 77 94 -36 -65 80 -77 -71 71 50 -49 84 24 -71 -53 22 71 -84 83 4 15 57 75 -36 100 -74 -100 10 -54 61
100
89 -26 -12 -66 59 -28 11 -1 -46 63 -61 -5 59 73 66 -68 -89 87 44 -63 -27 -48 97 43 4 -36 -84 -100 22 -28 85 -41 -40 15 -56 -9 -54 -86 25 39 43 -14 56 25 35 -10 36 -77 55 -43 -41 -80 -100 -76 33 35 -56 64 30 38 50 -45 59 -100 -9 -51 -72 -80 63 29 62 47 6 -90 -1 65 43 98 90 -80 -64 -38 6 90 -22 49 -68 6 -35 72 61 25 -86 61 69 72 44 -40 -98 0
100
70 64 80 99 32 -12 9 67 -39 -98 -81 -6 -25 50 53 80 88 41 -13 3 53 -84 39 -57 99 -82 5 -32 80 79 -92 -85 -16 -47 3 -90 -91 69 72 96 -86 59 57 -31 -68 -91 59 -74 -94 -44 51 78 -20 -39 -57 30 -55 100 29 -25 -55 -13 4 87 -43 46 -7 15 -45 -45 6 -58 45 -51 10 0 83 -79 25 -36 -6 -38 -76 -53 87 -37 42 -100 77 60 42 -39 -48 18 -67 -85 87 -48 -89 -64
100
85 -56 -27 94 -22 -82 54 53 -47 -9 83 27 -62 -100 99 -96 91 -53 -53 -91 2 -50 -39 -8 49 81 -23 8 -31 48 20 -64 -64 77 99 81 32 -16 62 76 27 -4 -63 -46 71 73 -53 88 -1 1 -64 -52 97 1 -91 -72 71 32 90 -57 -30 17 80 -31 38 25 -22 -22 86 -64 51 -45 -46 -28 65 -19 -73 6 74 98 20 31 -10 -78 -66 44 10 98 54 76 81 -89 90 23 -31 -19 -85 0 68 -80
100
31 42 -24 -26 -30 -34 -19 -3 34 3 -47 -55 -39 -41 -36 66 -7 -75 -3 55 -50 19 95 -93 19 55 -33 25 -25 69 -17 35 64 -84 -6 25 38 93 10 2 95 54 -25 18 -97 -20 9 -89 93 -55 -57 -100 99 54 -23 82 -21 -36 74 84 -68 -96 -82 43 -54 -30 87 80 22 -15 -98 6 -21 -90 16 64 -52 20 43 74 -24 -2 -85 2 -23 81 -60 -96 72 -89 47 19 1 31 3 -10 -97 67 17 -50
100
57 -41 96 25 -19 -77 -99 -17 -59 40 -54 14 15 -24 -11 -31 7 1 47 95 68 -9 82 -11 -6 -82 -81 97 29 50 61 -36 41 19 -26 -66 -63 -39 58 -88 20 -91 -14 -31 -72 7 26 -69 -83 -95 -64 32 -97 -71 -32 67 -57 -87 3 -55 63 -69 67 -85 86 -23 -41 52 76 -30 40 15 56 50 -42 1 -10 11 19 -96 -57 -91 -23 -85 -76 48 54 -5 0 -36 79 33 -64 -63 40 -31 3 87 34 -38
100
86 -19 96 -2 77 76 -53 4 -58 -33 75 -84 -43 82 -69 -95 -17 -70 -15 -100 81 -12 31 -11 62 36 90 52 -67 -9 -64 -68 -97 65 43 58 -13 -9 20 -30 -17 20 36 42 -32 67 -77 34 -30 -20 69 -100 69 2 -68 -52 -93 97 84 26 -45 62 54 32 -49 49 49 -40 -43 -55 29 66 35 -72 -1 -86 -2 46 -11 66 93 81 77 31 0 -20 22 20 6 64 95 78 22 1 18 73 76 21 -49 -83
100
-70 -81 -27 -43 -12 54 52 -7 96 -15 -92 -15 54 -76 -65 -16 81 -89 9 21 -70 32 -50 -74 48 34 56 42 23 -88 89 -62 -73 -96 77 86 98 84 -61 89 1 91 74 -95 -87 57 94 -94 57 -9 -49 -28 13 76 69 -40 17 -9 51 54 -76 29 68 -59 38 5 -15 -60 17 -78 6 11 -43 -43 -75 -95 -55 46 -66 30 12 -98 -50 7 1 -77 39 11 87 -47 92 -64 95 70 -23 -64 56 87 62 66
100
76 83 98 84 -35 13 8 -73 -19 93 45 100 61 9 -65 -8 -5 -81 -6 -76 31 28 -34 -98 92 -18 -67 89 -31 28 37 9 -81 41 -69 74 2 62 85 10 -12 -73 -53 50 -7 -76 -17 -7 57 69 -29 82 -2 54 -35 32 -10 -14 4 38 36 -44 59 -46 33 -25 -56 -15 -60 -72 -24 11 13 73 -21 -57 -31 -28 87 -56 56 -38 -90 -93 76 47 -77 -88 -15 26 -76 -22 25 -48 -86 27 -35 57 -46 -4
100
-3 24 30 9 92 -18 -73 81 -62 52 24 -98 -72 -15 60 29 -86 73 -4 50 64 -81 -75 -47 -55 -94 -60 -15 -31 -39 -88 73 -59 -65 -79 -55 -40 1 15 19 -41 47 -67 -92 52 40 85 -29 54 -56 96 44 -78 -24 -20 27 -84 -25 -30 2 99 -83 -63 54 -64 83 31 87 -28 -41 2 -68 -13 -9 -3 -56 -100 -86 28 -56 47 -49 21 71 -55 98 88 1 89 -76 -42 -49 45 10 82 -19 -64 26 -94 29
100
23 -66 98 -19 93 -13 31 8 88 -51 -15 45 87 -7 5 -77 48 -84 99 -23 31 -17 1 -20 42 -20 -100 -74 -99 25 -7 94 -27 10 77 -73 59 -80 68 -48 59 28 54 -40 -17 -6 18 -29 62 46 -12 51 94 36 17 82 41 -56 74 -78 -62 64 -91 25 -70 -38 3 -40 48 29 -58 -41 81 22 84 98 -64 18 23 -29 -49 -41 79 -23 23 -11 56 21 2 -53 62 -40 -22 33 -1 8 87 -82 99 -92
100
-51 -81 -46 -87 -97 -39 31 -51 56 -19 24 10 -17 68 82 2 5 68 -56 2 6 -86 -5 -1 65 -96 11 28 50 -38 15 17 -29 -12 -32 54 -4 69 -1 -6 85 92 -92 32 -52 -51 -7 -40 72 74 -62 -22 -82 96 26 18 46 69 50 -66 53 -65 -3 -74 76 -62 -57 -94 12 -92 -99 -63 84 -94 -44 -37 -94 -1 83 -14 -72 -89 -26 63 23 97 10 14 30 29 -89 -33 61 6 -86 -91 99 -3 26 -49
100
38 -54 40 -20 29 -20 80 16 -84 59 -40 -45 68 -77 92 -25 46 -11 -45 -20 -14 3 1 -97 48 -35 -32 -35 -23 10 90 36 -60 60 -21 58 87 81 -22 84 -48 21 -44 48 -73 -61 -31 -36 81 -53 -78 63 86 68 48 84 51 -19 -38 -68 40 77 47 49 -11 -63 49 -30 -18 -7 -17 -17 60 -92 85 86 71 -79 10 24 -29 99 8 94 -37 33 -51 76 84 -78 19 -78 -25 -49 38 -54 82 26 -19 -76
100
10 12 100 -39 -99 38 31 91 -33 55 34 41 61 -98 -51 -25 98 -57 41 -2 84 73 55 83 -50 -50 -32 34 -23 19 99 80 6 62 47 -7 -60 13 -85 -98 77 -84 62 56 34 -28 -4 25 60 77 67 -68 -69 -23 77 60 -82 72 90 -33 44 29 57 -37 -20 -32 -66 25 56 45 -29 90 65 3 91 0 97 -49 -81 18 -30 -85 -82 -30 25 -11 86 33 73 -39 75 45 -40 -11 44 20 -26 -87 -8 -20
100
35 -52 -71 33 21 -54 48 -60 25 -59 -78 23 5 -47 16 56 -70 -77 35 14 41 20 -7 59 47 10 19 85 -95 -97 12 11 -23 43 90 27 -7 -83 -25 -1 69 12 -33 -34 37 -8 46 -64 91 29 64 49 -34 -4 -18 -69 85 -27 48 -23 0 -89 22 75 -37 47 -92 -64 2 -6 21 -53 -40 -21 26 16 70 44 -87 78 72 20 93 26 13 -3 32 -17 -98 -97 48 -58 -10 67 35 85 9 -68 -100 38
100
48 -38 -82 -54 -2 53 9 44 -3 -48 -65 53 15 -85 12 20 -1 98 -38 -67 7 40 -93 -26 49 60 16 -27 39 82 6 -92 30 52 -75 -93 45 33 -92 -70 -72 -58 60 29 -96 45 24 -67 -68 -73 -36 -79 21 -68 4 0 49 -29 -9 -81 -27 -87 78 -100 -97 94 59 -20 -81 -82 100 -17 34 -94 -46 -93 -68 7 -52 33 -55 52 -47 -54 70 -1 49 -33 95 -98 -74 -74 -94 61 -31 -95 65 30 6 -63
100
-64 79 94 87 56 76 32 -68 51 -41 -30 -50 -40 64 64 26 -13 97 2 -32 -45 99 67 79 17 -94 -45 -23 -99 19 -61 8 17 -53 35 22 -98 66 -37 97 9 -66 -66 50 -10 78 -73 12 -97 -32 -47 10 -2 -73 51 -81 82 64 60 -43 -34 18 -8 12 40 99 85 70 -15 78 -67 -94 -44 79 -27 20 80 -95 -35 -45 -91 -31 83 -12 23 -7 -97 -71 67 26 -3 36 59 84 -68 -32 75 -61 -45 53
100
1 29 -20 32 -58 -18 -82 63 -20 -16 42 91 -21 13 -3 -98 -5 35 -47 -38 76 78 95 6 46 31 7 86 36 -28 93 -85 -21 26 90 69 78 47 53 37 37 57 -77 79 -40 -92 8 -69 -26 -11 42 89 55 35 -81 -33 5 -23 -62 83 -77 78 60 -6 71 -95 -21 -31 -40 -16 -13 -76 -54 85 -94 15 78 -34 12 84 22 18 -80 94 64 -70 -42 39 -41 76 -90 85 62 27 -10 -85 -57 38 39 -4
100
44 16 25 -54 -44 49 89 -14 1 -30 58 44 -26 0 -21 -33 -61 -53 34 -27 87 96 87 -36 2 28 -77 73 12 16 15 -86 56 -84 62 66 26 -47 -79 32 -70 26 -91 38 -56 85 98 -66 -21 59 73 14 -63 17 -73 4 -86 -64 12 88 53 -20 -75 68 -72 -10 30 6 -75 -66 90 -15 -71 38 28 100 -91 17 -31 7 20 -41 53 46 -42 64 29 21 31 -96 77 -34 -80 -52 -44 -72 35 -10 98 33
100
-15 -53 -9 5 -45 52 36 -61 -18 -10 81 81 -45 76 -25 -84 29 -60 77 -16 -14 -8 -18 7 -1 94 -43 -18 -44 -20 35 92 -75 11 -42 -16 -38 -89 -45 23 8 80 -42 -16 -94 22 75 75 -13 7 -52 71 22 -41 41 -13 56 45 -99 -97 -4 -69 -89 0 93 18 53 85 17 -43 -98 -14 -74 -43 -37 39 -63 -15 -73 -65 -90 -12 -14 22 5 81 38 -4 -95 40 78 99 73 37 -78 83 93 -68 17 -32
100
-94 -22 11 7 -73 -72 36 96 -83 -86 -38 -62 -57 -49 54 63 78 68 -65 -77 4 -42 -68 44 -91 -24 -52 -80 -6 -38 38 -71 100 13 89 -34 -28 -62 41 -90 -57 -16 -98 53 -1 51 12 -92 -19 0 -59 -34 -38 4 82 62 86 97 2 37 13 -25 -6 -99 24 57 -86 80 -82 54 2 -19 88 59 -83 59 76 -52 29 -65 28 -42 -42 86 34 -6 88 -94 -16 38 -59 -2 -18 -5 -52 -71 26 45 -46 -92
100
82 61 24 -20 77 14 -75 92 -61 -86 59 -88 54 -99 -18 -71 -50 90 -68 72 52 4 98 61 52 -41 39 37 1 -58 -94 -56 -95 26 -36 -64 -69 -54 45 11 39 14 74 -63 -56 -64 -55 70 40 -76 45 66 -33 -15 95 -29 -84 -48 -83 -14 65 92 54 96 6 73 9 63 -24 -54 15 -54 -26 -59 53 41 -27 87 -15 -12 -77 34 8 51 61 99 -57 -4 -74 75 -30 -49 -83 97 -36 58 60 -52 -7 54
100
-8 -95 12 30 98 7 94 -44 -64 -54 -47 0 0 -100 56 -38 59 71 93 41 -75 67 -22 -68 -72 53 83 59 23 39 37 91 -13 15 -78 21 19 -22 27 -24 82 77 74 -75 -30 -82 -68 36 18 -2 57 58 -38 30 -53 22 55 -6 -3 -69 87 -31 12 -1 47 -60 -19 -28 -85 30 25 64 89 16 91 -4 100 92 -31 -12 -50 36 -5 73 -44 -68 -6 54 -25 18 -59 49 61 49 97 19 64 -16 -77 71
100
15 -19 70 53 93 95 88 -56 -100 89 -65 89 68 26 71 -17 -11 83 50 -12 81 46 -44 20 72 -89 20 -93 -59 -22 19 2 -76 -28 96 7 -27 -59 94 -48 -75 23 -8 89 7 47 -26 -31 26 -83 61 73 93 -30 35 49 53 -41 29 3 -73 62 -82 70 75 -94 42 -51 41 86 -34 -48 -86 -21 -65 13 81 5 -90 47 82 -18 21 15 -70 -11 -42 -50 -79 -27 -75 -58 -55 65 -83 35 80 -82 -15 -75
100
75 -84 -64 -46 -100 16 16 -92 3 -91 15 -40 68 58 -69 81 25 -82 -36 -58 86 -84 2 -79 53 47 20 61 80 48 -36 -92 -32 26 22 37 -69 68 -11 51 26 92 44 -61 25 -56 14 -88 82 42 59 49 -35 -95 85 94 55 48 -66 -98 -67 -85 -36 -91 30 -55 -19 9 -99 95 -4 -33 -59 64 85 84 -48 -1 -21 -61 -67 79 -11 -54 -16 -52 73 77 34 -26 -8 -97 52 -26 3 -33 -65 34 77 68
100
43 82 13 88 30 78 -22 -16 -22 -41 66 -65 87 -95 95 -79 28 80 4 -60 64 83 -4 -92 76 -17 37 -56 70 1 -87 -48 -61 96 63 89 -57 74 -2 1 21 -66 33 63 55 97 -92 -63 68 -98 -70 23 -100 -41 -51 16 -90 58 -87 -79 -12 -49 46 -20 83 -43 41 80 -97 -55 5 -1 4 36 -29 46 37 17 42 37 -88 -87 50 43 -18 97 -28 -47 68 90 -12 -11 59 -70 77 81 43 -2 -97 33
100
14 -92 -75 -60 22 -38 -97 78 10 35 -63 49 -91 -56 -28 -71 65 -5 37 62 31 30 -56 -95 5 93 -93 -42 -20 -52 47 -59 7 -77 3 -57 -74 -37 -64 -80 -97 76 85 -20 100 0 25 55 93 -43 98 -58 -86 13 81 33 91 28 68 -79 -80 -88 -27 45 -51 81 13 -34 -88 -33 -98 72 -44 63 62 -97 66 54 23 90 -44 37 48 59 -36 22 77 88 -60 83 -63 12 83 43 -86 82 87 51 -44 -46
100
-30 -8 -77 88 -93 -68 62 -51 29 38 -97 -7 94 -78 41 -22 -99 57 -66 41 98 40 79 35 -15 -13 -34 25 -75 -98 -13 87 53 92 76 88 -65 -99 -19 -52 30 -24 -2 -50 85 -88 18 66 -30 8 -79 -86 -67 -39 -79 -45 52 -93 38 -9 -10 -61 15 -74 39 -64 53 2 21 100 -72 -89 90 22 -70 -20 99 18 -3 -57 93 86 36 29 -64 -62 -99 -22 -81 78 -42 -27 45 -63 18 91 11 -43 40 -31
100
-28 64 41 -55 59 -84 -6 -98 7 46 71 49 -87 -97 63 -58 -46 -76 4 -36 42 27 10 -65 7 -77 -8 -68 -28 -42 -75 -26 -73 -29 30 97 81 -20 -69 51 -14 -12 44 31 13 -29 -77 -86 88 -87 -50 -68 32 65 67 -3 24 -70 -60 28 -100 -81 95 -81 73 26 51 -19 -93 -39 -47 42 -90 -81 73 46 9 13 55 -73 -46 1 75 -79 -23 45 65 -69 38 2 -64 46 -39 -76 57 -39 -71 7 -16 -31
100
-62 36 64 -11 15 -69 25 -52 -69 -30 -56 -35 26 72 -94 -19 71 -12 -39 -42 22 22 -22 -71 56 88 -53 -76 34 -73 35 -74 -9 45 -88 -89 -25 -99 -99 21 7 -77 3 -37 3 -66 -23 61 41 0 89 34 17 -89 -3 -5 66 -8 43 -96 -79 6 -79 30 -34 36 -28 36 -87 33 11 -32 59 45 -1 -95 56 29 62 59 -55 -91 65 11 -3 91 64 33 22 -80 87 -70 -2 0 -60 -86 -45 -46 91 67
100
-36 75 42 -43 100 10 -46 -60 -80 92 -85 43 35 -1 -17 -9 59 76 93 -45 24 75 -93 78 -88 24 2 63 22 94 -37 -70 76 27 11 90 -25 -96 -48 -42 89 23 -43 -5 79 -47 100 -9 -63 -48 34 -18 -50 -33 -57 67 -49 39 -49 25 3 93 -87 -61 99 -52 -87 46 48 22 18 -16 -94 -68 61 -50 -60 -16 -33 5 -44 -14 90 -1 -9 -22 -74 50 40 -85 -45 -1 -53 60 -66 49 -68 -49 -47 -27
100
80 13 35 -82 99 -73 94 -81 -89 57 -37 70 73 83 83 -41 -49 -16 -54 9 94 8 -11 -94 68 -64 -68 -95 24 89 -53 95 59 -67 -85 -88 31 -27 26 28 94 -36 68 18 19 8 83 82 -29 -13 60 6 -95 75 61 91 -14 82 98 -42 83 -38 92 54 -21 -85 -60 -5 85 -3 -33 -42 51 -92 -74 -44 -36 3 -94 -45 15 -45 -51 -30 52 13 -91 -31 -32 35 23 -1 57 -66 88 -3 -60 100 91 78
100
-34 51 -45 -95 -95 54 0 -18 37 82 30 -74 45 -40 49 6 81 32 -90 12 -48 -9 73 -5 -67 -80 -38 -41 48 -40 44 4 52 86 5 -47 -35 -83 -95 75 -11 -38 31 -94 68 -62 55 -56 -43 98 83 75 9 -87 -38 -80 -78 10 -25 -72 -1 3 81 -32 -75 88 -80 88 -81 -30 -5 -86 -31 -22 -2 -20 72 -60 64 17 70 14 -92 -31 -70 5 16 -67 -96 -63 27 72 59 -47 20 88 21 -9 87 -43
100
81 70 93 -60 41 10 -52 30 90 33 -28 89 9 42 -80 -80 97 -45 0 25 -97 -64 -15 76 76 -30 79 -40 33 -53 -53 -42 42 77 37 67 37 -24 -82 -58 40 -3 63 -3 -55 69 -20 -94 -59 -47 -82 -67 -70 68 2 78 -77 9 2 47 -74 54 26 -71 71 -12 -52 90 98 -93 10 -79 -100 -23 63 -8 95 21 86 -80 -55 60 37 50 1 71 52 15 -49 53 56 -78 -93 30 -28 8 -25 56 -71 -71
100
-46 -60 -21 47 91 30 -14 -50 24 -21 56 59 89 -39 29 -79 -52 -36 -41 28 -43 -15 82 -14 21 -58 9 82 -43 39 -46 -64 -9 -18 42 39 -83 -100 -9 67 29 -80 -82 -98 -3 27 -97 -26 -54 -83 27 67 -67 -66 -90 63 16 15 -89 9 54 9 27 -92 -92 -95 -95 17 -2 55 55 -36 3 -16 -13 -88 -26 6 -41 -44 -28 38 -74 -45 -29 -67 -19 -34 -35 18 -77 41 -17 81 34 -100 -19 -40 -27 49
100
-10 -46 6 -92 82 -68 -54 -95 11 -60 70 30 60 -81 -59 -94 -51 -35 -92 -58 -38 46 -34 -42 39 39 18 -99 -62 -22 -57 -71 78 -56 -37 -20 -57 -14 69 87 -14 -12 74 -50 -57 29 24 -83 -8 66 -79 -19 95 -66 -30 -77 99 65 20 -93 14 11 28 13 70 -90 -84 89 -15 -83 90 -24 -15 14 23 95 -39 28 -98 74 58 8 -84 69 -16 55 87 79 -98 34 50 -70 90 -93 26 7 -85 -50 64 28
100
85 -47 27 -99 -48 -98 11 -89 -40 32 84 -6 84 -43 -80 34 63 -63 -91 -90 -58 8 -34 17 -95 66 -59 34 -12 -30 -3 85 50 6 44 -73 82 -70 16 -6 20 -66 18 -65 -81 40 70 41 34 -54 -83 -10 -55 -32 89 17 -43 -9 39 32 -86 -99 39 -18 80 60 -69 92 -78 -55 -77 21 61 19 -41 95 -19 -9 66 -14 -56 -37 -69 25 -14 -17 43 74 -40 -12 -60 90 -19 -77 -89 48 -31 2 -66 -43
100
-34 97 53 -3 87 -96 3 77 -67 -90 -1 85 -27 81 38 100 58 29 41 51 -8 -81 91 -86 34 -84 65 -54 -47 -19 -61 14 4 -5 2 59 -98 57 -83 19 -100 -13 -19 -82 -52 -27 -79 -51 65 52 -35 -96 -84 -95 -68 -89 -64 93 -68 57 40 -21 -84 -99 30 -95 9 -60 57 -85 -68 15 17 -45 87 -54 8 -74 -61 -40 -89 -68 37 -43 -98 62 1 48 -14 -13 44 46 76 99 99 -96 100 65 46 -80
100
-87 51 -46 -54 38 30 59 -49 -36 -84 33 -86 -91 -34 55 26 -30 97 -77 35 98 22 -2 92 -35 20 -9 -69 -13 42 -82 26 -15 34 -16 15 -8 -80 46 0 -10 95 37 -71 -6 -33 -41 -89 82 -75 -96 -99 -75 72 -38 60 45 97 -39 99 25 22 60 74 17 28 95 10 -92 -25 -98 -99 -55 -69 66 -73 -39 44 -50 49 64 -55 19 82 -98 13 -63 -83 81 25 -80 -27 40 5 -10 42 -91 37 39 78
100
-46 -67 -72 91 78 39 -6 -49 -67 63 73 3 -55 20 11 -80 -4 69 -22 -43 -48 77 -70 23 95 82 14 -35 -33 -69 21 71 -30 92 7 63 -28 7 85 -20 -76 71 94 2 -73 -5 25 -25 93 60 -6 -30 61 -53 -46 0 -61 90 -35 -88 -82 23 -1 6 63 -88 50 41 36 36 -69 -62 -77 -37 96 19 -94 -38 0 -4 54 14 13 -90 -98 -26 -53 10 -18 -99 74 70 95 63 -11 42 -70 -97 25 -18
100
-57 -1 89 -62 37 13 24 29 -42 -81 54 62 95 38 23 -4 -55 46 -32 22 11 -35 34 -32 -44 -75 98 -46 52 59 20 62 52 9 -18 45 -61 -73 -7 -35 -77 47 -82 -83 -14 -55 -39 -11 -53 -92 36 -95 23 17 96 46 21 100 6 -39 -46 34 66 22 62 71 -33 -67 -58 -64 9 100 35 44 -54 5 59 71 93 -7 -73 55 -97 50 1 -54 -73 -22 34 65 -48 60 52 -12 15 33 21 -48 89 -10