-56
42
88
96
-5
55
94
136
103
178
282
216
385
158
103
186
238
117
394
251
196
250
246
476
1002
622
204
324
306
213
236
250
571
407
289
430
524
150
393
249
521
202
421
176
639
424
490
507
274
499
203
186
581
444
211
402
247
474
1205
748
769
494
515
417
584
503
399
856
781
448
238
919
404
345
466
245
669
606
319
276
1197
495
525
702
514
353
624
473
402
1030
576
399
785
301
500
712
687
312
759
728
649
320
368
731
1158
871
465
464
844
734
356
562
924
531
1080
581
452
482
395
616
527
855
883
444
659
539
416
942
629
313
448
895
344
547
696
592
416
1118
356
481
961
458
860
548
711
828
1043
1084
853
907
362
858
1237
456
610
422
982
1003
574
562
927
445
372
1057
637
594
313
729
482
945
1258
556
225
671
922
353
472
540
559
1170
896
653
727
972
466
232
370
539
865
318
495
311
454
194
563
627
616
660
